           Step size           grad'*dir           FD approx           abs error
           ---------           ---------           ---------           ---------
   1.00000000000e+00  -1.57519935625e-01  -1.50702622198e-01   6.81731342704e-03
   1.00000000000e-01  -1.57519935625e-01  -1.56817498733e-01   7.02436892442e-04
   1.00000000000e-02  -1.57519935625e-01  -1.57450852990e-01   6.90826358032e-05
   1.00000000000e-03  -1.57519935625e-01  -1.57512904051e-01   7.03157391449e-06
   1.00000000000e-04  -1.57519935625e-01  -1.57519804875e-01   1.30750002186e-07
   1.00000000000e-05  -1.57519935625e-01  -1.57517840194e-01   2.09543175281e-06
   1.00000000000e-06  -1.57519935625e-01  -1.57449933536e-01   7.00020898273e-05
   1.00000000000e-07  -1.57519935625e-01  -1.56830934905e-01   6.89000719958e-04
